1280 853
1200 1600
1200 1600
1600 1200
1600 1200
1728 1152
1728 1152
600 399
1704 2272
2288 1712
1704 2272
1704 2272
1704 2272
1704 2272
1704 2272
1704 2272
3456 2304
800 600
800 600
800 600
450 600
450 600
450 600
600 800
2048 1536
1024 575
1024 575
480 640
2048 1360
2816 2112
1290 863
1024 1536
1024 1536
800 600
800 600
960 1280
960 1280
263 350
263 350
2592 1944
1944 2592
1944 2592
2592 1944
1944 2592
2592 1944
2592 1944
2592 1944
2304 1728
1728 2304
800 600
1600 1200
681 1024
1600 1200
1200 1600
600 800
800 600
600 800
800 600
2592 1944
569 800
960 1280
960 1280
960 1280
960 1280
960 1280
1280 960
1600 1200
632 1316
589 442
960 1280
2112 2816
2112 2816
2816 2112
2816 2112
2112 2816
800 533
800 600
767 1147
767 1147
1728 2304
1037 1549
2272 1704
1280 960
972 1296
2816 2112
3072 2304
3072 2304
1600 1200
1600 1200
1600 1200
960 1280
2160 1440
2560 1920
1280 960
2592 3888
1536 1024
1280 960
960 1280
1536 2048
1536 2048
2048 1536
1536 2048
1704 2272
2272 1704
2272 1704
1704 2272
576 768
800 450
2560 1920
1408 1056
1014 676
1014 676
1800 1350
800 533
2304 3072
600 800
800 600
800 600
800 600
577 800
1600 1197
1197 1600
1600 1197
332 442
768 1024
768 1024
768 1024
1024 768
1024 768
1024 768
1024 768
600 800
600 800
1024 719
600 800
1880 2816
3648 2736
3648 2736
3648 2736
3648 2736
3648 2736
3648 2736
3648 2736
1600 1066
3264 2448
3264 2448
3264 2448
640 480
640 480
1000 750
3168 2376
3072 1728
3168 2376
3072 1728
3072 1728
2272 1704
3072 1728
3072 1728
3072 1728
3072 1728
3072 1728
3072 1728
1280 960
1200 1600
1704 2272
1024 685
1704 2272
1704 2272
1704 2272
2000 3008
800 600
800 600
450 600
1024 768
1024 768
1024 768
2592 3888
2000 3008
2256 1496
3008 2000
2256 1496
2560 1920
1200 675
1008 672
1536 1152
1536 1152
1152 1536
2272 1704
2272 1704
3072 2304
3456 2304
3072 2304
1536 2048
1704 2272
1704 2039
1920 1080
1024 768
1024 768
1600 1200
1600 1200
1000 667
2048 3072
3264 2448
552 737
720 540
1071 1600
486 648
737 552
552 737
1743 2614
3872 2592
2592 3872
3872 2592
3872 2592
3872 2592
3872 2592
3872 2592
3872 2592
1152 1728
864 1296
2448 3264
1296 864
2048 1536
1600 1200
480 640
3264 2448
3264 2448
3264 2448
3264 2448
3264 2448
3264 2448
2048 1536
2048 1536
1536 2048
400 300
1280 960
3072 2304
3072 2304
530 800
3008 2000
1280 960
3072 2304
1600 1200
1600 1200
1600 1200
1600 1200
1600 1200
508 381
851 1280
1280 963
382 508
700 1053
2592 3888
3875 2588
2560 1920
2560 1920
2560 1920
2560 1920
2560 1920
2832 2128
1280 960
1280 960
1280 960
2800 1866
3888 2592
2272 1704
2592 1944
3264 2448
640 426
426 640
640 426
640 426
426 640
640 426
640 426
426 640
1024 680
448 336
2848 2136
1296 972
972 1296
948 1264
604 453
604 453
747 500
640 428
2592 1944
2622 3478
2736 3648
2736 3648
1600 1200
2592 1944
2592 1944
1200 1600
2560 1920
3264 2448
1280 859
979 1306
1536 2048
2048 1536
1536 2048
1536 2048
1536 2048
1022 664
764 1280
769 1024
769 1024
1280 961
1280 961
3072 2304
3072 2304
3072 2304
3072 2304
3072 2304
269 360
3072 2304
3072 2304
3072 2304
1000 665
1400 929
800 600
1296 972
1296 972
1296 972
1296 972
972 1296
1296 972
1296 972
2112 2816
1600 1200
2592 3888
2592 3888
1600 1200
1600 1200
1600 1200
1600 1200
1600 1200
2592 3888
1200 800
1536 2048
1536 2048
1704 2272
1153 1726
1792 1344
1792 1344
1792 1344
1792 1344
1792 1344
1792 1344
600 799
3488 2616
3488 2616
2112 2816
2816 2112
1600 1200
2304 1728
3865 2576
3456 2304
1200 1600
1200 1600
1600 1200
1200 1600
1200 1600
1200 1600
1200 1600
3264 2448
3264 2448
1024 513
1600 1200
535 800
3072 2304
960 1280
640 480
2292 3056
2736 3648
2592 3888
850 1280
800 450
800 450
3072 1728
3264 2448
2304 3072
3072 2304
3072 1728
3264 2448
1944 2592
1365 2048
640 480
640 480
2816 2112
2816 2112
2816 2112
2816 2112
2816 2112
640 480
480 640
960 720
1536 2048
1536 2048
3072 2304
3072 2304
2504 2504
2592 3872
1840 1232
2848 2136
3872 2592
3872 2592
2592 3888
1488 2240
1488 2240
1280 960
960 1280
3264 2448
1400 1050
1400 1050
1050 1400
533 800
3872 2592
972 1296
1024 680
1024 680
680 1024
1024 680
1024 680
1071 1600
680 1024
680 1024
1024 680
1024 680
1024 680
680 1024
1024 680
1024 680
1200 803
1536 2048
2048 1536
2272 1704
2272 1704
2048 1536
2048 1536
1024 574
2272 1704
768 1024
1066 1600
2816 2112
1333 2000
1328 2000
1999 1333
800 600
2592 1944
1944 2592
640 480
640 480
640 480
1280 960
1280 960
3072 2304
3072 2304
1944 2592
1944 2592
1600 1200
1280 960
640 480
1280 960
486 864
864 486
3149 2141
480 640
1920 2560
453 604
453 604
2592 1944
2592 1944
2592 1944
3456 2304
2304 3456
1024 685
1024 685
2048 1536
2048 1536
2048 1536
2048 1536
2048 1536
2048 1536
1536 2048
1536 1024
1600 1200
1200 1600
2592 1944
2592 1944
3648 2736
1704 2272
2536 3954
600 800
270 360
2448 3264
600 800
400 300
2448 3264
2448 3264
3264 2448
2448 3264
2592 1944
2848 2136
2848 2136
2848 2136
3648 2736
3648 2736
3648 2736
1024 683
2848 2136
2848 2136
3648 2736
3648 2736
2592 1944
972 648
648 972
600 800
1200 1600
1600 1200
1600 1200
2448 3264
2560 1920
3296 2472
794 595
1704 2272
800 600
1050 1575
800 600
947 501
598 800
800 598
598 800
598 800
800 598
800 598
800 598
800 598
600 800
800 600
800 600
600 800
1536 2048
2048 1536
2048 1536
2048 1536
1155 1600
1066 1600
1600 1066
1280 960
3072 2304
1944 2592
960 1280
640 480
1280 960
960 1280
960 1280
960 1280
2816 2112
2816 2112
800 535
800 535
800 535
800 535
800 535
800 535
800 535
800 535
800 535
1200 1600
2136 2848
600 800
1280 960
960 1280
1280 960
2592 3888
640 480
480 640
801 1200
600 800
3296 2472
3296 2472
426 639
800 600
720 480
857 1280
2560 1706
